32.400		
32.300		
32.400		
32.400		
32.500		
32.500		
32.700		
33.250		
35.200		
39.250		
46.350		
56.300		
68.600		
82.950		
97.750		
100.050		
100.100		
100.100		
100.050		
100.050		
100.050		
99.950		
100.050		
100.100		
100.100		
100.050		
100.100		
100.150		
100.100		
100.000		
100.100		
100.050		
100.000		
100.150		
100.000		
100.000		
100.050		
100.100		
100.100		
100.050		
100.000		
100.050		
100.050		
100.050		
100.000		
100.100		
100.050		
100.150		
100.000		
100.200		
100.050		
100.100		
100.050		
100.000		
100.000		
100.050		
100.100		
99.950		
100.000		
100.100		
100.050		
100.150		
99.950		
100.000		
100.050		
100.100		
99.950		
100.000		
100.100		
100.050		
100.000		
100.050		
100.050		
100.050		
100.100		
100.000		
100.100		
100.000		
100.000		
100.050		
100.100		
100.050		
100.000		
100.050		
100.100		
100.150		
100.100		
100.100		
100.000		
100.000		
100.100		
100.000		
100.100		
100.050		
100.000		
100.100		
100.100		
100.150		
100.050		
100.050		
100.050		
100.000		
100.150		
100.100		
100.050		
100.150		
100.100		
100.100		
100.150		
100.100		
100.050		
100.100		
100.050		
100.050		
100.050		
100.050		
100.050		
100.150		
100.050		
100.100		
100.050		
100.150		
100.150		
100.100		
100.000		
100.050		
100.150		
100.050		
100.100		
100.050		
100.050		
100.150		
100.050		
100.050		
100.150		
100.050		
100.200		
100.050		
100.100		
99.950		
100.150		
100.100		
100.100		
100.150		
100.100		
100.100		
100.100		
100.100		
100.050		
100.050		
100.200		
100.100		
100.100		
100.100		
100.050		
100.100		
100.050		
100.050		
100.100		
100.000		
100.100		
100.100		
100.050		
100.050		
98.050		
94.400		
43.900		
48.200		
54.750		
61.550		
68.400		
75.350		
81.700		
87.750		
93.650		
99.050		
104.000		
108.350		
112.450		
116.550		
119.300		
122.100		
124.600		
126.900		
128.900		
130.450		
131.900		
133.650		
134.300		
135.250	
135.900	
136.500	
137.050	
137.450	
137.800	
138.600	
138.400	
138.300	
138.350	
138.200	
138.200	
138.000	
137.900	
138.250	
137.600	
137.350	
137.100	
136.800	
136.600	
136.200	
135.900	
136.000	
135.250	
134.850	
134.400	
134.000	
133.650	
133.350	
132.900	
132.950	
132.100	
131.600	
131.200	
130.700	
130.250	
129.850	
129.350	
129.350	
128.550	
128.000	
127.600	
127.100	
126.750	
126.250	
125.800	
125.900	
125.000	
124.500	
124.000	
123.600	
123.150	
122.700	
122.300	
122.200	
121.450	
121.050	
120.600	
120.150	
119.700	
119.300	
118.900	
118.850	
118.050	
117.650	
117.200	
116.850	
116.400	
115.950	
115.600	
115.550	
114.850	
114.400	
114.100	
113.650	
113.200	
112.900	
112.450	
112.350	
111.850	
111.300	
110.900	
110.600	
110.250	
109.850	
109.450	
109.500	
108.850	
108.400	
108.050	
107.650	
107.250	
106.950	
106.600	
106.600	
106.000	
105.550	
105.150	
104.900	
104.450	
104.150	
103.850	
103.800	
103.250	
102.950	
102.550	
102.350	
101.900	
101.600	
101.300	
101.300	
100.750	
100.350	
100.000	
99.750	
99.400	
99.150	
98.800	
98.750	
98.250	
97.900	
97.650	
97.250	
97.000	
96.700	
96.400	
96.450	
95.850	
95.600	
95.300	
95.050	
94.750	
94.450	
94.200	
94.250	
93.650	
93.450	
93.200	
92.900	
92.650	
92.400	
92.200	
92.150	
91.550	
91.300	
91.050	
90.750	
90.550	
90.350	
90.150	
89.950	
89.600	
89.250	
89.100	
88.850	
88.700	
88.350	
88.200	
88.200	
87.700	
87.400	
87.250	
86.950	
86.750	
86.600	
86.400	
86.350	
85.900	
85.750	
85.550	
85.200	
84.900	
84.800	
84.600	
84.600	
84.200	
84.000	
83.800	
83.500	
83.350	
83.100	
82.950	
83.000	
82.650	
82.450	
82.200	
81.950	
81.750	
81.550	
81.450	
81.400	
81.050	
80.800	
80.600	
80.400	
80.250	
80.050	
79.900	
79.900	
79.600	
79.300	
79.150	
79.000	
78.750	
78.550	
78.400	
78.450	
78.050	
77.950	
77.700	
77.550	
77.350	
77.150	
77.100	
77.150	
76.800	
76.600	
43.350	
45.400	
47.500	
49.550	
51.250	
52.800	
54.350	
55.800	
57.250	
58.550	
59.600	
60.850	
61.750	
62.500	
63.300	
64.050	
64.700	
65.150	
65.750	
66.450	
66.700	
67.100	
67.400	
67.750	
68.000	
68.250	
68.450	
68.800	
68.900	
68.950	
69.050	
69.100	
69.200	
69.300	
69.300	
69.500	
69.350	
69.350	
69.400	
69.350	
69.250	
69.300	
69.300	
69.350	
69.150	
69.200	
69.150	
69.100	
68.950	
68.900	
68.850	
68.850	
68.650	
68.600	
68.450	
68.450	
68.250	
68.300	
68.250	
68.250	
67.950	
67.900	
67.850	
67.650	
67.600	
67.450	
67.350	
67.350	
67.200	
67.000	
67.000	
66.850	
66.700	
66.650	
66.600	
66.550	
66.300	
66.200	
66.150	
66.050	
66.000	
65.850	
65.650	
65.700	
65.500	
65.400	
65.350	
65.250	
65.200	
65.100	
64.900	
65.000	
64.700	
64.550	
64.500	
64.400	
64.250	
64.250	
64.100	
64.200	
63.950	
63.850	
63.750	
63.650	
63.650	
63.450	
63.400	
63.450	
63.250	
63.150	
62.950	
62.900	
62.750	
62.700	
62.600	
62.600	
62.500	
62.400	
62.250	
62.200	
62.150	
62.000	
61.900	
61.900	
61.750	
61.650	
61.550	
61.500	
61.400	
61.350	
61.300	
61.300	
61.050	
61.000	
61.000	
60.900	
60.800	
60.700	
60.700	
60.700	
60.550	
60.400	
60.400	
60.250	
60.150	
60.150	
60.100	
60.050	
59.950	
59.750	
59.750	
59.600	
59.500	
59.500	
59.300	
59.450	
59.250	
59.150	
59.000	
58.950	
58.950	
58.850	
58.850	
58.850	
58.750	
58.600	
58.550	
58.450	
58.450	
58.400	
58.300	
58.350	
58.200	
58.100	
57.950	
57.900	
57.850	
57.800	
57.700	
57.800	
57.650	
57.550	
57.550	
57.500	
57.400	
57.400	
57.250	
57.300	
57.100	
57.000	
56.950	
56.900	
56.800	
56.800	
56.700	
56.650	
56.550	
56.450	
56.350	
56.400	
56.300	
56.250	
56.250	
56.350	
56.150	
56.100	
56.000	
55.950	
55.900	
55.850	
55.800	
55.750	
55.750	
55.600	
55.550	
55.500	
55.500	
55.350	
55.350	
55.350	
55.200	
55.200	
55.150	
55.150	
55.100	
54.950	
54.950	
55.000	
54.850	
54.850	
54.750	
54.700	
54.700	
54.600	
54.500	
54.550	
54.400	
54.400	
54.350	
54.300	
54.300	
39.000	
40.150	
41.050	
41.900	
42.650	
43.450	
44.150	
44.750	
45.400	
46.000	
46.500	
47.000	
47.400	
47.850	
48.250	
48.550	
48.900	
49.200	
49.350	
49.650	
49.900	
50.100	
50.300	
50.450	
50.600	
50.850	
50.900	
51.050	
51.150	
51.250	
51.300	
51.400	
51.400	
51.550	
51.550	
51.650	
51.600	
51.700	
51.700	
51.700	
51.750	
51.850	
51.800	
51.800	
51.850	
51.800	
51.800	
51.800	
51.750	
51.800	
51.750	
51.750	
51.800	
51.750	
51.700	
51.700	
51.700	
51.700	
51.700	
51.650	
51.650	
51.650	
51.650	
51.550	
51.500	
51.600	
51.550	
51.400	
51.350	
51.350	
51.300	
51.300	
51.250	
51.350	
51.250	
51.250	
51.200	
51.200	
51.150	
51.100	
51.050	
51.100	
51.000	
50.950	
51.000	
51.000	
50.850	
50.950	
50.850	
50.850	
50.700	
50.750	
50.650	
50.700	
50.600	
50.550	
50.500	
50.550	
50.450	
50.400	
50.400	
50.350	
50.350	
50.300	
50.300	
50.400	
50.250	
50.200	
50.100	
50.100	
50.100	
49.950	
50.000	
49.950	
49.850	
49.850	
49.850	
49.850	
49.750	
49.750	
49.700	
49.700	
49.650	
49.650	
49.550	
49.450	
49.450	
49.450	
49.400	
49.450	
49.350	
49.250	
49.300	
49.300	
49.250	
49.250	
49.200	
49.200	
49.150	
49.150	
49.050	
49.000	
48.900	
48.950	
49.000	
48.950	
48.850	
48.850	
48.850	
48.800	
48.800	
48.750	
48.750	
48.700	
48.700	
48.650	
48.650	
48.550	
48.550	
48.500	
48.450	
48.550	
48.400	
48.400	
48.450	
48.350	
48.300	
48.300	
48.250	
48.300	
48.200	
48.150	
48.150	
48.150	
48.200	
48.150	
48.050	
48.050	
48.000	
48.000	
47.950	
47.950	
47.950	
47.900	
47.900	
47.900	
47.850	
47.800	
47.750	
47.700	
47.650	
47.650	
47.650	
47.600	
47.550	
47.550	
47.500	
47.500	
47.500	
47.500	
47.450	
47.500	
47.350	
47.250	
47.300	
47.300	
47.300	
47.250	
47.250	
47.150	
47.200	
47.100	
47.050	
47.100	
47.100	
47.100	
47.050	
46.950	
46.950	
46.900	
46.900	
46.850	
46.850	
46.850	
46.850	
46.900	
46.850	
46.800	
46.750	
46.700	
46.750	
46.750	
46.750	
46.700	
46.600	
46.650	
46.700	
46.650	
46.650	
46.550	
34.050	
34.200	
34.500	
34.750	
34.950	
35.250	
35.550	
35.850	
36.100	
36.400	
36.800	
37.100	
37.400	
37.850	
38.050	
38.450	
38.700	
39.100	
39.400	
39.700	
40.000	
40.350	
40.600	
40.900	
41.200	
41.450	
41.750	
41.950	
42.200	
42.400	
42.650	
42.950	
43.150	
43.300	
43.500	
43.750	
43.950	
44.100	
44.250	
44.250	
44.450	
44.750	
44.800	
44.950	
45.000	
45.200	
45.300	
45.400	
45.500	
45.600	
45.700	
45.700	
45.800	
45.950	
46.000	
45.950	
46.150	
46.200	
46.300	
46.300	
46.400	
46.500	
46.550	
46.500	
46.550	
46.600	
46.600	
46.650	
46.700	
46.750	
46.800	
46.800	
46.850	
46.800	
46.850	
46.850	
46.850	
46.900	
46.800	
46.850	
46.950	
46.850	
46.900	
46.900	
46.950	
46.900	
46.900	
46.900	
46.950	
46.850	
46.850	
46.900	
46.900	
46.950	
46.850	
46.900	
46.900	
46.850	
46.800	
46.800	
46.750	
46.800	
46.800	
46.800	
46.650	
46.850	
46.750	
46.700	
46.700	
46.700	
46.700	
46.650	
46.650	
46.650	
46.600	
46.650	
46.600	
46.700	
46.600	
46.550	
46.550	
46.550	
46.500	
46.550	
46.500	
46.500	
46.450	
46.500	
46.400	
46.450	
46.400	
46.400	
46.400	
46.300	
46.250	
46.250	
46.200	
46.200	
46.150	
46.100	
46.100	
46.150	
46.100	
46.150	
46.150	
46.050	
45.950	
46.050	
45.950	
46.000	
45.950	
45.900	
45.950	
46.000	
46.000	
45.900	
45.950	
45.950	
45.850	
45.900	
45.850	
45.850	
45.750	
45.700	
45.800	
45.800	
45.750	
45.750	
45.800	
45.700	
45.700	
45.650	
45.650	
45.600	
45.600	
45.600	
45.500	
45.550	
45.550	
45.450	
45.500	
45.450	
45.450	
45.400	
45.450	
45.300	
45.300	
45.350	
45.250	
45.250	
45.200	
45.250	
45.150	
45.250	
45.200	
45.150	
45.150	
45.150	
45.100	
45.200	
45.100	
45.100	
45.100	
45.100	
45.050	
44.950	
45.000	
44.950	
44.950	
44.900	
44.900	
44.900	
44.900	
44.900	
44.900	
44.850	
44.850	
44.850	
44.950	
44.800	
44.850	
44.800	
44.800	
44.800	
44.800	
44.700	
44.650	
44.750	
44.700	
44.700	
44.700	
44.700	
44.650	
44.600	
44.600	
44.650	
44.600	
44.600	
44.600	
44.600	
35.700	
36.350	
36.700	
37.150	
37.500	
37.950	
38.300	
38.650	
39.000	
39.350	
39.600	
39.900	
40.250	
40.400	
40.750	
40.900	
41.050	
41.250	
41.450	
41.650	
41.750	
41.850	
42.050	
42.100	
42.150	
42.300	
42.400	
42.500	
42.550	
42.700	
42.750	
42.800	
42.900	
42.950	
43.050	
43.050	
43.050	
43.150	
43.150	
43.250	
43.250	
43.250	
43.300	
43.350	
43.400	
43.350	
43.400	
43.400	
43.400	
43.400	
43.450	
43.450	
43.550	
43.400	
43.450	
43.500	
43.600	
43.450	
43.500	
43.600	
43.450	
43.500	
43.450	
43.500	
43.550	
43.500	
43.500	
43.550	
43.500	
43.550	
43.550	
43.500	
43.450	
43.500	
43.400	
43.450	
43.450	
43.350	
43.400	
43.450	
43.450	
43.450	
43.400	
43.450	
43.450	
43.450	
43.350	
43.350	
43.350	
43.400	
43.350	
43.350	
43.350	
43.250	
43.250	
43.300	
43.300	
43.300	
43.250	
43.300	
43.250	
43.200	
43.200	
43.150	
43.150	
43.200	
43.200	
43.200	
43.200	
43.150	
43.150	
43.050	
43.100	
43.000	
43.050	
43.050	
43.050	
43.000	
43.000	
43.000	
43.050	
43.000	
43.000	
42.950	
42.900	
42.900	
42.900	
42.950	
42.850	
43.000	
42.950	
42.850	
42.950	
42.850	
42.800	
42.800	
42.850	
42.850	
42.800	
42.800	
42.750	
42.650	
42.700	
42.700	
42.650	
42.700	
42.600	
42.600	
42.600	
42.650	
42.600	
42.550	
42.700	
42.550	
42.600	
42.550	
42.600	
42.550	
42.600	
42.600	
42.550	
42.550	
42.450	
42.550	
42.500	
42.550	
42.450	
42.500	
42.450	
42.500	
42.400	
42.450	
42.400	
42.450	
42.350	
42.400	
42.400	
42.350	
42.350	
42.300	
42.350	
42.350	
42.350	
42.350	
42.350	
42.250	
42.300	
42.300	
42.200	
42.200	
42.250	
42.200	
42.250	
42.200	
42.200	
42.250	
42.200	
42.150	
42.150	
42.200	
42.150	
42.150	
42.100	
42.100	
42.100	
42.100	
42.100	
42.000	
42.050	
42.050	
42.050	
42.000	
42.000	
42.000	
41.950	
42.000	
41.950	
42.000	
41.950	
41.900	
41.950	
41.900	
41.900	
41.900	
41.900	
41.850	
41.850	
41.950	
41.800	
41.850	
41.900	
41.800	
41.800	
41.800	
41.750	
41.750	
41.750	
41.800	
41.800	
41.750	
35.550	
36.050	
36.450	
36.800	
37.100	
37.350	
37.650	
37.850	
38.200	
38.400	
38.550	
38.750	
39.000	
39.100	
39.300	
39.500	
39.600	
39.700	
39.800	
39.950	
40.050	
40.150	
40.200	
40.300	
40.350	
40.450	
40.550	
40.600	
40.650	
40.650	
40.700	
40.800	
40.800	
40.850	
40.800	
40.900	
40.950	
40.950	
41.000	
41.050	
41.050	
41.050	
41.050	
41.050	
41.000	
41.050	
41.100	
41.100	
41.100	
41.100	
41.100	
41.200	
41.150	
41.150	
41.150	
41.250	
41.200	
41.150	
41.250	
41.150	
41.150	
41.150	
41.100	
41.150	
41.100	
41.150	
41.150	
41.200	
41.150	
41.150	
41.100	
41.150	
41.150	
41.100	
41.150	
41.200	
41.100	
41.150	
41.150	
41.200	
41.150	
41.150	
41.100	
41.100	
41.150	
41.150	
41.100	
41.100	
41.000	
41.100	
41.100	
41.050	
41.100	
41.050	
41.100	
41.000	
41.000	
41.050	
40.950	
41.000	
41.050	
41.000	
41.000	
41.000	
41.000	
40.950	
40.950	
40.950	
41.000	
40.900	
40.950	
40.900	
40.900	
40.950	
40.900	
40.950	
40.850	
40.850	
40.900	
40.800	
40.900	
40.850	
40.800	
40.850	
40.850	
40.800	
40.850	
40.850	
40.800	
40.850	
40.800	
40.800	
40.800	
40.800	
40.850	
40.750	
40.800	
40.650	
40.700	
40.700	
40.700	
40.750	
40.800	
40.700	
40.750	
40.700	
40.700	
40.750	
40.700	
40.700	
40.750	
40.600	
40.650	
40.650	
40.700	
40.600	
40.650	
40.700	
40.650	
40.650	
40.650	
40.650	
40.600	
40.600	
40.550	
40.600	
40.600	
40.550	
40.550	
40.500	
40.600	
40.500	
40.600	
40.550	
40.550	
40.550	
40.450	
40.550	
40.500	
40.550	
40.550	
40.500	
40.550	
40.450	
40.400	
40.500	
40.500	
40.450	
40.450	
40.450	
40.500	
40.450	
40.400	
40.400	
40.400	
40.400	
40.450	
40.400	
40.300	
40.400	
40.400	
40.350	
40.400	
40.400	
40.350	
40.300	
40.400	
40.300	
40.350	
40.300	
40.300	
40.300	
40.300	
40.250	
40.300	
40.300	
40.350	
40.250	
40.250	
40.200	
40.250	
40.200	
40.200	
40.200	
40.200	
40.300	
40.200	
40.150	
40.150	
40.200	
40.200	
40.100	
40.200	
40.150	
40.150	
40.100	
40.100	
40.100	
40.150	
40.100	
40.050	
35.100	
35.500	
35.700	
36.000	
36.300	
36.500	
36.750	
36.950	
37.200	
37.400	
37.450	
37.700	
37.850	
38.000	
38.100	
38.200	
38.300	
38.400	
38.500	
38.650	
38.650	
38.750	
38.850	
38.900	
38.950	
39.050	
39.100	
39.200	
39.150	
39.250	
39.250	
39.300	
39.350	
39.400	
39.450	
39.400	
39.400	
39.500	
39.500	
39.500	
39.500	
39.600	
39.600	
39.550	
39.550	
39.550	
39.600	
39.650	
39.650	
39.700	
39.650	
39.650	
39.700	
39.700	
39.700	
39.700	
39.700	
39.700	
39.700	
39.700	
39.750	
39.700	
39.650	
39.700	
39.700	
39.700	
39.750	
39.700	
39.650	
39.700	
39.750	
39.750	
39.750	
39.750	
39.800	
39.650	
39.650	
39.750	
39.700	
39.700	
39.700	
39.750	
39.650	
39.700	
39.650	
39.650	
39.700	
39.700	
39.700	
39.600	
39.700	
39.700	
39.650	
39.650	
39.650	
39.650	
39.650	
39.700	
39.600	
39.650	
39.650	
39.650	
39.650	
39.650	
39.650	
39.600	
39.600	
39.550	
39.650	
39.600	
39.550	
39.650	
39.550	
39.600	
39.550	
39.550	
39.550	
39.650	
39.600	
39.550	
39.600	
39.550	
39.550	
39.600	
39.550	
39.600	
39.550	
39.550	
39.550	
39.450	
39.600	
39.550	
39.500	
39.500	
39.500	
39.500	
39.500	
39.500	
39.500	
39.550	
39.450	
39.400	
39.450	
39.500	
39.450	
39.400	
39.450	
39.400	
39.400	
39.400	
39.400	
39.350	
39.350	
39.400	
39.350	
39.350	
39.350	
39.400	
39.350	
39.350	
39.350	
39.350	
39.300	
39.350	
39.400	
39.300	
39.350	
39.350	
39.300	
39.400	
39.250	
39.300	
39.300	
39.250	
39.300	
39.250	
39.200	
39.250	
39.300	
39.300	
39.250	
39.300	
39.200	
39.250	
39.250	
39.250	
39.250	
39.250	
39.300	
39.250	
39.200	
39.200	
39.200	
39.150	
39.300	
39.150	
39.250	
39.150	
39.200	
39.100	
39.250	
39.200	
39.200	
39.200	
39.150	
39.150	
39.150	
39.150	
39.050	
39.200	
39.100	
39.100	
39.100	
39.100	
39.100	
39.150	
39.100	
39.150	
39.150	
39.100	
39.150	
39.150	
39.050	
39.050	
39.050	
39.100	
39.050	
39.050	
39.050	
39.050	
39.050	
39.000	
39.050	
39.050	
39.000	
39.000	
39.050	
38.950	
39.000	
39.000	
39.000	